0.328880 0.462555 0.208566
0.219548 0.151912 0.628540
0.390419 0.340162 0.269419
0.386628 0.281612 0.331760
0.480454 0.214257 0.305289
0.356669 0.370800 0.272531
0.506576 0.118917 0.374507
0.348505 0.485667 0.165828
0.495917 0.071017 0.433067
0.322895 0.167855 0.509250
0.309554 0.111835 0.578611
0.267377 0.385699 0.346924
0.276812 0.214320 0.508868
0.301157 0.314956 0.383887
0.421255 0.229688 0.349058
0.199182 0.651108 0.149710
0.280545 0.198586 0.520869
0.438767 0.214911 0.346322
0.130732 0.568875 0.300393
0.133736 0.773972 0.092291
0.144659 0.575172 0.280170
0.167080 0.630027 0.202893
0.163702 0.171729 0.664569
0.170803 0.252974 0.576223
0.091400 0.147732 0.760868
0.469518 0.132729 0.397752
0.402873 0.331616 0.265511
0.477507 0.133021 0.389473
0.478171 0.398413 0.123416
0.118246 0.643836 0.237918
0.148797 0.329778 0.521426
0.307737 0.346109 0.346154
0.222582 0.398930 0.378488
0.356908 0.190840 0.452251
0.423749 0.344510 0.231741
0.359206 0.329593 0.311201
0.241658 0.420285 0.338057
0.340489 0.341820 0.317692
0.308972 0.303069 0.387959
0.367012 0.298134 0.334854
0.305306 0.324633 0.370061
0.323661 0.319348 0.356991
0.329113 0.284958 0.385929
0.307216 0.355700 0.337085
0.355533 0.320657 0.323810
0.312896 0.353637 0.333467
0.209887 0.430241 0.359872
0.353301 0.321486 0.325213
0.347638 0.356133 0.296229
0.452105 0.221514 0.326381
0.149788 0.507436 0.342775
0.120901 0.441952 0.437147
0.136192 0.353428 0.510381
0.422375 0.373784 0.203841
0.258712 0.321310 0.419979
0.448136 0.175633 0.376231
0.379077 0.173187 0.447735
0.082729 0.553816 0.363455
0.414418 0.390498 0.195084
0.266159 0.333239 0.400602
0.181457 0.403057 0.415487
0.348211 0.372693 0.279096
0.416765 0.459269 0.123967
0.330819 0.270778 0.398403
0.308242 0.351264 0.340494
0.362985 0.265225 0.371790
0.401344 0.470032 0.128624
0.270635 0.396581 0.332784
