0.351664 0.347318
0.302456 0.459579
0.502041 0.215411
0.381892 0.363338
0.362508 0.361243
0.330992 0.281556
0.296675 0.398689
0.351983 0.363698
0.336181 0.324610
0.365623 0.192211
0.423901 0.328007
0.501858 0.334552
0.333557 0.355792
0.373910 0.443468
0.186450 0.385785
0.157792 0.370324
0.625 0.375
0.137083 0.470030
0.148273 0.428970
0.366239 0.149072
0.176721 0.286281
0.470141 0.197220
0.322692 0.272705
0.216982 0.271350
0.463920 0.220030
0.409790 0.307460
0.328994 0.267913
0.393681 0.234581
0.490007 0.261793
0.518837 0.230393
0.220914 0.545707
0.254137 0.549787
0.275868 0.506900
0.388580 0.352322
0.510214 0.234329
0.334891 0.276484
0.465887 0.282162
0.403664 0.420761
0.218828 0.389372
0.229630 0.338382
0.305703 0.251503
0.402098 0.285694
0.192854 0.396857
0.273763 0.407376
0.292824 0.262896
0.169039 0.381575
0.342284 0.313345
0.335039 0.236103
0.254170 0.261477
0.234556 0.340951
0.205778 0.381901
0.5 0.0
0.375 0.625
0. 0.5
0.375 0.625
0.352845 0.405687
0.241866 0.521588
0.332326 0.250037
0.316861 0.449689
0.255541 0.418751
0.313761 0.365223
0.323087 0.361965
0.245708 0.370525
0.413823 0.167669
0.334432 0.376380
0.377339 0.284509
0.356897 0.329007
0.308842 0.345873
0.362905 0.355711
0.271328 0.356545
0.283649 0.301051
0.278566 0.406427
0.329545 0.329865
0.567515 0.239539
0.191436 0.442079
0.366993 0.222900
0.350436 0.350123
0.363897 0.252079
0.136695 0.538687
0.127360 0.564977
0.174084 0.364014
0.352256 0.297450
0.384123 0.235604
0.447324 0.166035
0.486025 0.168362
0.462602 0.343372
0.439650 0.230658
0.270840 0.392888
0.269012 0.374795
0.444730 0.246149
0.000000 0.000000
0.408765 0.371852
0.275152 0.383005
0.466406 0.218088
0.000000 0.980000
0.239586 0.335142
