8
9
10
11
12
13
14
15
109
110
111
112
193
194
195
196
219
220
221
222
231
232
333
334
411
412
445
539
540
552
553
558
559
577
578
579
580
645
646
647
648
736
737
740
745
746
747
748
753
886
887
888
889
956
957
1016
1017
1018
1148
1149
1266
1298
1299
1308
1309
1322
1323
1324
1325
1326
1423
1424
1454
1457
1470
1493
1494
1653
1654
1857
1858
1886
1887
1894
1896
1897
1898
1901
1902
1903
1931
1932
1933
1934
1946
1947
1948
1949
1950
1966
1969
1970
2005
2006
2007
2008
2025
2026
2029
2033
2035
2036
2037
2039
2040
2041
2115
2144
2145
2146
2147
2151
2162
2218
2219
2222
2223
2224
2225
2226
2227
2374
2375
2376
2474
2475
2476
2477
2480
2481
2482
2483
2484
2560
2561
2591
2594
2607
2629
2630
2770
2771
2964
2965
2972
2974
2975
2976
2979
2980
2981
3010
3011
3012
3013
3014
3029
3030
3065
3066
3067
3069
3071
3072
3074
3075
3076
3142
3174
3184
3185
3186
3187
3192
3193
3194
3195
3196
3197
3198
3199
3200
3201
3206
3207
3208
3209
3222
3223
3224
3225
3231
3232
3233
3234
3235
3236
3237
3238
3239
3240
3241
3242
3244
3245
3246
3247
3249
3250
3251
3252
3253
3259
3262
3266
3267
3275
3279
3280
3282
3290
3295
3296
3297
3298
3299
3300
3301
3302
3303
3304
3309
3310
3311
3312
3326
3332
3333
3334
3335
3336
3337
3338
3339
3340
3341
3342
3343
3345
3346
3347
3348
3349
3350
3352
3358
3361
3365
3366
3374
3375
3510
3517
3522
3523
3529
3535
3536
3545
3557
3562
3566
3569
3570
3574
